1.920070400000000177e+01
2.488615384615384585e+01
2.339792592592592513e+01
3.568943999999999761e+01
2.806681599999999932e+01
2.834269730269730303e+01
3.046896496496496454e+01
2.342889600000000172e+01
2.754352000000000089e+01
2.088092800000000082e+01
2.359854545454545516e+01
2.222063999999999950e+01
1.853466266266266160e+01
1.831123200000000040e+01
1.993961600000000089e+01
1.053621578421578420e+01
5.332628628628628853e+00
1.172220800000000018e+01
1.390057599999999915e+01
9.004640000000000200e+00
9.910496000000000194e+00
6.340991999999999962e+00
3.070369630369630176e+00
2.793055999999999983e+00
3.486718718718718524e+00
5.171148851148851477e+00
2.925389389389389194e+00
6.308639999999999581e+00
2.846976000000000173e+00
3.415112887112887297e+00
3.249233233233233431e+00
4.432223999999999720e+00
1.585247999999999990e+00
1.260467532467532514e+00
2.569161161161161111e+00
2.383264000000000049e+00
1.391135999999999928e+00
1.078400000000000053e-01
2.372479999999999922e+00
1.482799999999999940e+01
2.966678399999999982e+01
4.956927999999999557e+00
4.712364800000000287e+01
3.990406399999999820e+01
2.917216000000000165e+01
1.793326673326673415e+01
3.644991999999999877e+01
3.428426826826827067e+01
5.098323200000000099e+01
5.355722677322677328e+01
5.152595199999999664e+01
5.233475200000000171e+01
5.733115515515515170e+01
2.829878400000000127e+01
2.077919999999999945e+01
3.024360878243512829e+01
4.098513827655310848e+01
3.871804995004995220e+01
2.650931200000000132e+01
3.963790990990990792e+01
2.472646400000000000e+01
2.989884800000000098e+01
2.709459199999999868e+01
1.197024000000000044e+01
2.562432767232767361e+01
3.275742942942942904e+01
3.982448000000000121e+01
3.429436799999999863e+01
9.303624375624375276e+00
2.572287999999999997e+01
6.474878078078077692e+01
2.856772027972028027e+01
8.984512000000000498e+00
1.416277077077076996e+01
1.254179199999999916e+01
6.869407999999999959e+00
9.047776000000000707e+00
2.436105600000000138e+01
9.932064000000000448e+00
2.570470399999999955e+01
1.396963200000000072e+01
1.669363200000000091e+01
1.519465600000000016e+01
1.255257600000000018e+01
6.114527999999999963e+00
4.766528000000000098e+00
5.715519999999999712e+00
3.343039999999999790e+00
4.270463999999999594e+00
4.410656000000000354e+00
4.029186813186813154e+00
4.112816816816816434e+00
2.803840000000000110e+00
2.747172827172827070e+00
3.238438438438438371e+00
3.731263999999999914e+00
4.496927999999999592e+00
6.340991999999999962e+00
5.338079999999999714e+00
3.986093906093906014e+00
8.830142142142141992e+00
1.614969599999999872e+01
2.009532799999999853e+01
1.068134399999999928e+01
3.116575999999999791e+00
3.756627199999999789e+01
1.170582399999999978e+01
1.012617599999999918e+01
1.207289600000000007e+01
1.587923200000000001e+01
2.088928671328671172e+01
1.202540140140140146e+01
8.821312000000000708e+00
7.710560000000000080e+00
1.629545600000000150e+01
1.433833366633366602e+01
1.388210610610610551e+01
1.023443199999999997e+01
1.325311999999999912e+01
1.263884799999999942e+01
9.285023999999999944e+00
9.446783999999999182e+00
1.172220800000000018e+01
9.581792000000000087e+00
1.536899200000000043e+01
1.904793599999999998e+01
5.888063999999999965e+00
8.314463999999999189e+00
1.060085514485514402e+01
1.259794194194194183e+01
1.329625599999999963e+01
1.295718399999999981e+01
1.566396800000000056e+01
1.670400000000000063e+01
1.759792207792207819e+01
7.344784784784784470e+00
2.894547199999999876e+01
3.344118399999999980e+01
2.203171199999999885e+01
1.730313599999999852e+01
1.755075199999999924e+01
1.973471999999999937e+01
1.242316800000000043e+01
1.966113886113886267e+01
1.751881600000000105e+01
2.081755355355355519e+01
1.745822177822177679e+01
9.462752000000000052e+00
2.170819200000000038e+01
1.623537137137137165e+01
1.572307200000000016e+01
1.827888000000000090e+01
2.403753599999999935e+01
2.647472000000000136e+01
2.693306693306693234e+01
2.355465865865865993e+01
2.542825600000000108e+01
1.251848951048951086e+01
3.436835235235235331e+01
3.939881599999999651e+01
4.079328000000000287e+01
3.432308491508491244e+01
1.864553599999999989e+01
9.378306306306306794e+00
4.436774400000000185e+01
2.930012800000000084e+01
3.632421978021977793e+01
2.429700100100100002e+01
3.452476800000000168e+01
3.333334399999999675e+01
3.307577599999999762e+01
3.981327999999999889e+01
4.046367999999999654e+01
3.976187012987013247e+01
3.681585585585585818e+01
3.827132867132866778e+01
4.853158400000000228e+01
3.747312112112112459e+01
2.882340059940059973e+01
6.094388788788788958e+01
5.975520000000000209e+01
3.929296000000000078e+01
3.818825600000000264e+01
5.875980019980019620e+00
2.528941741741741822e+01
7.090458341658342079e+01
3.565782399999999797e+01
2.745587187187187084e+01
2.779534065934065978e+01
3.034575999999999851e+01
2.507714114114114068e+01
2.528188799999999858e+01
2.481414399999999887e+01
1.772195804195804314e+01
2.482476799999999884e+01
7.764479999999999826e+00
3.809483083083082988e+01
2.253100499500499510e+01
2.149910399999999910e+01
1.766025600000000040e+01
2.682589789789789947e+01
3.009313886113886127e+01
2.748566166166166269e+01
2.925446399999999869e+01
2.546227199999999868e+01
2.929888000000000048e+01
2.602501498501498389e+01
1.739896696696696665e+01
2.364947199999999938e+01
2.424451200000000028e+01
2.188633600000000001e+01
2.081580800000000053e+01
1.951904000000000039e+01
2.039254400000000089e+01
2.037097599999999886e+01
2.318560000000000088e+01
1.885043200000000141e+01
1.645120000000000005e+01
2.277622399999999914e+01
1.865571228771228718e+01
2.064794394394394317e+01
2.080233600000000038e+01
1.711980799999999903e+01
2.282709290709290784e+01
1.809864264264264122e+01
2.018764799999999937e+01
1.721126399999999990e+01
1.072143856143856100e+00
1.579294494494494572e+01
3.004077522477522422e+01
8.204044044044044304e-01
3.322504695304695588e+01
1.818964564564564412e+01
1.323946453546453483e+01
1.641888288288288322e+01
1.212121600000000043e+01
1.284168631368631353e+01
1.164758358358358414e+01
1.098889600000000044e+01
1.044969599999999943e+01
7.099556443556443774e+00
8.808552552552551873e+00
8.131135999999999697e+00
8.972288000000000707e+00
7.063519999999999577e+00
5.413567999999999714e+00
5.138829170829170678e+00
9.251139139139139544e+00
1.059548799999999957e+01
1.064899199999999979e+01
1.108867200000000075e+01
1.399648109965635712e+01
1.300423529411764711e+01
9.441640167364017344e+00
1.339124279835390929e+01
1.441026229508196721e+01
1.547539591836734729e+01
1.122566400000000009e+01
8.810527999999999693e+00
5.963551999999999964e+00
3.396959999999999980e+00
2.501888000000000112e+00
4.669471999999999845e+00
1.358783999999999992e+00
2.458752000000000049e+00
2.984937599999999946e+01
2.516763236763236833e+01
2.733177977977977946e+01
3.629353600000000313e+01
3.639231999999999800e+01
2.803065734265734221e+01
3.478041241241241011e+01
2.296991999999999923e+00
2.016608000000000089e+01
1.688508799999999965e+01
3.392754445554445653e+01
2.980484484484484398e+01
3.202268800000000226e+01
2.832793600000000112e+01
5.644624351297404985e+01
3.789652905811622929e+01
2.889494399999999885e+01
2.619949650349650483e+01
1.522014814814814798e+01
2.502966400000000036e+01
2.253462400000000088e+01
3.161599999999999966e+01
3.109689600000000098e+01
1.566310400000000058e+01
1.363148799999999916e+01
6.206259200000000220e+01
3.480483199999999755e+01
1.651238400000000084e+01
3.204139860139860474e+01
2.808414814814814875e+01
2.710476723276723376e+01
2.548718318318318410e+01
3.061751048951049015e+01
1.549142742742742662e+01
3.054268799999999828e+01
3.637823999999999813e+01
3.011260800000000160e+01
2.028598601398601531e+01
1.963243243243243086e+01
2.539961600000000175e+01
1.491075200000000045e+01
1.744643200000000149e+01
1.973513600000000068e+01
2.805057342657342545e+01
2.627661261261261316e+01
2.803404799999999852e+01
1.850409600000000054e+01
2.162191999999999936e+01
2.271046400000000176e+01
5.310943999999999932e+01
3.529014399999999796e+01
4.198783616383616391e+01
3.140577377377377388e+01
3.007145600000000130e+01
3.574690909090909230e+01
3.876612612612612452e+01
3.716019200000000211e+01
2.163548451548451723e+01
4.060172800000000137e+01
4.469109109109108857e+01
6.122700799999999788e+01
5.668744055944056015e+01
3.978217599999999976e+01
3.244800000000000040e+01
2.677744655344655200e+01
6.045187587587587785e+01
5.090998400000000146e+01
4.296279720279720493e+01
3.367258458458458392e+01
2.785771028971029040e+01
4.231008608608608768e+01
4.290359240759240578e+01
4.033817599999999715e+01
3.103247247247247387e+01
3.253862399999999866e+01
6.040780800000000283e+01
6.136553599999999875e+01
5.183689600000000297e+01
3.433980799999999789e+01
2.289955199999999991e+01
2.059498901098901058e+01
4.053519119119118841e+01
2.163520000000000110e+01
2.954069930069930194e+01
2.404531199999999913e+01
4.783996796796796502e+01
6.252134399999999914e+01
6.193151999999999902e+01
5.800570629370629661e+01
2.588582182182182123e+01
4.484300799999999754e+01
6.674720479520479444e+01
6.343674874874874803e+01
6.186598399999999742e+01
1.661337599999999881e+01
1.556479999999999997e+01
1.250487112887112851e+01
3.637608808808808902e+01
5.351014399999999682e+01
1.564672000000000018e+01
2.980249600000000143e+01
6.483148799999999312e+01
6.158745600000000309e+01
6.432358399999999676e+01
3.034559040959041099e+01
4.703634834834834777e+01
6.376652800000000099e+01
6.304563199999999767e+01
6.199705600000000061e+01
3.709337599999999924e+01
3.296441158841158625e+01
5.587616416416416598e+01
5.912985599999999664e+01
4.623564799999999764e+01
2.510028799999999904e+01
4.235943256743257024e+01
3.673292800000000113e+01
4.807065599999999961e+01
2.891390590590590648e+01
2.306199400599400562e+01
3.850814014014014219e+01
5.903804995004995249e+01
5.897583983983984268e+01
6.258982617382617519e+01
2.683105505505505661e+01
4.518707200000000057e+01
5.944115200000000243e+01
5.755699200000000104e+01
6.307840000000000202e+01
3.388211199999999934e+01
2.765619200000000077e+01
5.957222399999999851e+01
5.522176000000000329e+01
2.361695999999999795e+00
4.221808000000000050e+01
6.273433599999999899e+01
3.717529600000000300e+01
5.441126400000000274e+01
5.472256000000000142e+01
6.080102399999999818e+01
5.942476800000000026e+01
3.902668800000000005e+01
2.487880119880119878e+01
5.699993599999999816e+01
6.128829629629629494e+01
6.060441600000000051e+01
3.381552847152847363e+01
9.994239999999999569e+00
2.583063063063062970e+01
5.814681600000000117e+01
5.957222399999999851e+01
4.318822399999999817e+01
4.240179200000000037e+01
6.014566399999999646e+01
5.718016000000000076e+01
5.461551999999999651e+01
3.388211199999999934e+01
2.364211200000000090e+01
5.984006393606393459e+01
4.602061261261260938e+01
3.659894400000000303e+01
3.156003199999999964e+01
2.904883200000000087e+01
3.200323199999999702e+01
1.383282317682317597e+01
1.328839239239239234e+01
1.800928000000000040e+01
1.808476800000000040e+01
1.435392000000000046e+01
1.081593600000000066e+01
3.382793206793206942e+00
2.951135999999999981e+00
2.272195395395395323e+01
1.919606793206793327e+01
2.075941541541541469e+01
1.668531199999999970e+01
1.735910399999999854e+01
1.701075200000000009e+01
3.365478399999999937e+01
3.409042157842157650e+01
4.054524924924925244e+01
1.884390809190809080e+01
4.723315315315315388e+01
3.311020800000000008e+01
3.209318400000000082e+01
2.404873600000000167e+01
2.131980019980019847e+01
2.849132799999999932e+01
3.124124799999999880e+01
3.049840000000000018e+01
2.687138338338338173e+01
2.035104000000000113e+01
2.154041600000000045e+01
1.172780799999999957e+01
6.190015999999999963e+00
1.616521600000000092e+01
1.502865134865134777e+01
1.796614399999999989e+01
1.837565565565565606e+01
1.253888000000000069e+01
9.458893106893107472e+00
1.695343343343343179e+01
1.421849600000000002e+01
9.349728000000000705e+00
9.446783999999999182e+00
2.662064335664335601e+01
2.485563963963964085e+01
1.826746053946054005e+01
1.424704704704704739e+01
9.435999999999999943e+00
1.516870329670329731e+01
8.279607607607607278e+00
1.418096000000000068e+01
1.332648151848151841e+01
3.418527999999999789e+00
4.792888888888889198e+00
1.501132800000000067e+01
1.804495999999999967e+01
2.444399999999999906e+01
2.038175999999999988e+01
8.842879999999999185e+00
6.184415999999999691e+00
6.356203796203796053e+00
9.026208000000000453e+00
2.957773773773773929e+00
3.307380619380619446e+00
8.098784000000000205e+00
2.112624624624624659e+01
7.597535999999999845e+00
2.641436799999999963e+01
1.421497600000000006e+01
1.772029570429570455e+01
8.204044044044044526e+00
6.966464000000000212e+00
1.140947199999999917e+01
1.884237362637362523e+01
1.851038238238238165e+01
1.962956799999999902e+01
1.717539199999999866e+01
7.840831168831169151e+00
5.332628628628628853e+00
6.679400599400598937e-01
5.678062062062061877e+00
9.135696303696303033e+00
1.683987987987988078e+01
1.336953600000000009e+01
1.663155199999999923e+01
1.921708800000000039e+01
2.651785599999999832e+01
2.356104695304695440e+01
2.381916800000000123e+01
2.392160000000000153e+01
3.263456000000000046e+01
4.395598798798798867e+01
4.951942400000000077e+01
2.821548800000000057e+01
1.649381018981019054e+01
1.427055855855855881e+01
1.169817600000000013e+01
2.915177600000000169e+01
1.227737600000000029e+01
9.576192000000000704e+00
1.087446399999999969e+01
5.215264000000000344e+00
2.190230400000000088e+01
1.008304000000000045e+01
1.511724800000000002e+01
3.596208000000000027e+01
2.479926473526473529e+01
2.302383999999999986e+01
1.635930330330330307e+01
9.586975999999999942e+00
1.711347852147852322e+01
2.354863663663663687e+01
2.811388799999999932e+01
2.383264000000000138e+01
3.091916083916083835e+01
2.018713113113113167e+01
2.886061138861138886e+01
3.057580799999999854e+01
2.028024824824824890e+01
2.523455999999999833e+01
3.204825600000000208e+01
4.123527672327672633e+01
3.561443043043043133e+01
3.964601600000000303e+01
3.385136463536463225e+01
4.416992992992992839e+01
3.232563199999999881e+01
5.955584000000000344e+01
5.629209600000000080e+01
5.426211200000000190e+01
3.821116800000000069e+01
2.147942400000000163e+01
5.524684799999999996e+01
6.184960000000000235e+01
5.500108800000000286e+01
4.774297599999999875e+01
2.618821178821178819e+01
5.131468799999999675e+01
5.259710910910911252e+01
1.645638399999999990e+01
2.183522077922077997e+01
3.498205405405405344e+01
5.713940459540459216e+01
5.628617417417417101e+01
5.679568431568431919e+01
4.677394194194194199e+01
2.149580800000000025e+01
5.051187199999999677e+01
6.252134399999999914e+01
3.678190609390609467e+01
2.668486086086086218e+01
1.995587199999999939e+01
3.144054399999999916e+01
2.027392000000000039e+01
3.160438399999999959e+01
2.212633599999999845e+01
2.013592807192807044e+01
2.817071999999999932e+01
4.288999399399399692e+01
1.434271999999999991e+01
1.873180800000000090e+01
2.601084799999999930e+01
2.106181818181818244e+01
1.761752152152152107e+01
1.472658541458541492e+01
2.279860660660660798e+01
1.139414185814185743e+01
1.581475875875875836e+01
1.754236163836163698e+01
1.293644800000000039e+01
1.652599799799799740e+01
2.140063999999999922e+01
2.188633600000000001e+01
2.209766400000000175e+01
2.440294400000000152e+01
1.956736000000000075e+01
2.414280119880119813e+01
2.020785585585585409e+01
2.276502400000000037e+01
2.021658341658341485e+01
1.321539199999999958e+01
1.129113113113113087e+01
1.374441599999999930e+01
7.230463999999999558e+00
1.891513600000000039e+01
2.297551999999999950e+01
2.511033600000000021e+01
2.617273926073925949e+01
2.047676799999999986e+01
2.234047999999999945e+01
2.936847247247247239e+01
2.088928671328671172e+01
3.468556556556556814e+01
3.519232000000000227e+01
3.230284799999999734e+01
3.573350400000000349e+01
3.271884800000000126e+01
5.162598400000000254e+01
4.731244800000000339e+01
3.825894399999999962e+01
1.264000000000000057e+01
2.924543999999999855e+01
3.892222977022976949e+01
6.038627427427427108e+01
5.679568431568431919e+01
5.812301901901901857e+01
4.278499100899100682e+01
2.669985185185185017e+01
4.754636800000000108e+01
6.089932799999999702e+01
5.944115200000000243e+01
5.405081599999999753e+01
4.209755044955044667e+01
2.771667667667667700e+01
4.957798400000000072e+01
5.875302400000000347e+01
