66.2
58.4
65.4
75.7
73.5
60.9
61.1
55.4
58.1
59.8
50.2
61.8
73.1
70.6
66.6
55.8
70.4
60.6
68.4
67.2
70.9
67.8
51.1
44.6
47.8
36.4
34.0
30.4
28.1
36.9
36.0
39.1
36.1
36.7
30.4
32.6
27.9
32.0
28.3
26.7
26.2
34.6
28.8
28.0
34.2
24.8
32.2
25.9
25.6
20.2
24.0
23.7
30.2
20.1
29.3
17.7
16.2
32.7
46.2
45.2
44.9
48.3
48.9
44.5
50.4
46.5
25.1
58.5
45.8
47.2
51.6
52.0
55.5
52.8
55.3
57.9
60.6
61.3
62.5
72.5
69.1
69.8
50.8
70.3
86.6
81.0
78.3
62.3
65.7
71.4
64.4
68.0
74.0
73.7
74.4
66.8
71.5
66.6
71.0
61.5
86.4
66.0
78.8
76.7
73.1
49.5
45.7
37.3
49.0
36.1
32.3
39.3
49.2
44.7
57.1
51.8
56.1
73.4
77.2
68.5
70.6
53.5
53.5
48.3
41.6
42.2
45.4
42.7
28.5
24.0
26.9
32.7
36.8
43.0
63.1
46.2
66.1
55.9
55.0
47.3
51.1
68.0
52.5
60.1
54.3
68.5
63.5
62.8
65.2
64.0
71.2
52.3
82.9
79.6
65.5
73.4
59.1
61.5
59.2
54.9
60.9
68.5
70.6
73.2
64.0
61.2
60.8
43.0
44.0
40.8
49.0
44.3
34.0
42.6
36.8
32.3
25.6
20.8
17.8
14.7
11.8
14.5
12.2
12.9
8.51
6.77
4.52
7.95
3.89
5.04
8.66
9.51
8.53
9.77
11.2
14.7
17.8
16.1
17.0
20.1
15.6
11.4
12.0
16.9
16.3
25.0
31.8
34.7
37.5
45.1
43.6
47.1
49.0
42.3
62.0
64.5
58.8
53.5
57.9
70.0
54.4
60.1
67.1
65.2
59.0
59.8
47.8
50.5
39.7
51.2
39.5
35.5
45.4
58.5
51.9
62.9
61.0
64.5
63.2
70.7
63.3
64.1
73.8
69.3
91.1
79.9
79.1
78.9
84.0
84.0
70.1
83.5
75.1
79.3
66.5
72.2
66.1
55.2
60.1
48.7
52.9
46.9
42.5
34.6
36.8
31.1
34.6
31.3
22.3
12.9
19.9
12.1
7.63
11.0
17.6
19.1
38.1
25.6
36.3
33.0
42.1
43.1
43.7
42.6
42.4
38.9
38.8
51.9
42.5
42.8
51.8
56.7
59.5
54.0
64.7
62.4
69.1
85.0
84.3
83.5
82.5
83.9
73.9
71.8
67.3
59.2
57.7
63.9
53.4
49.4
55.1
65.5
65.7
70.8
64.5
56.5
65.7
67.4
62.6
71.4
52.5
51.9
58.2
54.9
52.3
62.2
53.8
45.8
39.9
52.7
48.8
58.9
54.9
55.3
55.6
57.0
46.4
40.6
39.4
44.0
35.7
29.5
34.2
35.5
24.4
11.7
16.7
23.5
36.3
39.6
33.3
39.5
32.0
28.6
22.8
18.0
11.4
10.6
12.6
23.5
28.3
32.9
27.1
28.3
23.9
14.0
8.97
10.0
9.17
12.1
15.1
31.7
30.7
31.7
40.2
44.0
44.3
28.6
30.4
29.5
28.4
32.9
50.2
46.7
43.5
46.2
48.5
57.4
58.4
62.4
69.0
67.3
67.0
78.9
74.2
87.8
81.2
75.5
77.5
82.4
83.1
84.2
81.2
72.9
63.5
61.4
52.2
59.0
65.2
67.4
69.1
60.9
57.3
64.8
65.1
30.9
38.9
32.4
38.5
28.6
14.5
24.2
16.1
17.1
15.1
16.1
14.9
17.4
32.1
38.0
38.1
37.1
41.6
49.3
58.5
66.3
55.4
59.1
67.9
54.3
58.0
67.0
67.3
59.9
49.7
53.2
60.2
74.0
70.7
50.5
59.7
61.3
64.4
74.2
78.6
77.1
71.6
58.1
68.3
70.1
64.7
78.9
56.1
68.8
83.2
86.6
79.8
73.7
60.0
62.0
69.4
49.8
39.2
45.0
43.0
38.3
36.0
31.9
35.0
29.4
28.1
21.9
27.3
24.1
26.4
32.9
6.57
39.9
24.0
20.3
17.5
19.0
14.2
18.2
21.8
33.6
33.4
38.7
36.1
30.3
37.8
31.4
26.8
29.3
35.3
15.1
12.7
47.3
30.8
13.3
15.3
23.8
33.2
44.2
32.3
34.9
44.3
45.7
55.0
52.9
54.7
74.5
62.0
33.5
27.1
29.6
30.4
33.2
24.2
39.1
34.8
67.1
82.5
51.5
30.2
50.9
52.6
55.6
48.7
44.0
52.7
81.2
50.1
64.7
71.9
63.2
74.3
69.1
72.6
57.8
83.5
59.3
60.3
72.9
66.0
74.0
64.3
60.5
71.4
54.5
51.6
55.8
65.4
59.0
54.2
60.4
73.5
64.1
58.6
58.6
71.9
71.6
77.3
79.0
56.4
69.5
63.0
62.3
47.2
64.7
69.0
76.2
80.3
80.2
72.4
60.8
60.7
55.3
49.0
50.0
45.7
41.8
43.7
36.3
32.9
35.2
36.7
50.7
54.3
41.6
41.6
41.6
41.6