78.6
84.1
89.6
86.4
88.5
80.1
79.7
60.7
79.7
89.7
87.2
81.7
75.6
70.1
62.0
77.8
61.8
71.7
71.3
62.9
70.3
68.4
59.8
59.9
68.2
75.6
81.2
60.9
69.5
87.2
57.6
72.3
87.1
60.4
52.2
54.5
68.5
68.4
73.7
80.0
72.3
72.3
71.8
52.4
56.6
74.6
68.5
81.7
80.4
82.2
63.0
66.0
79.9
79.3
80.1
70.0
80.5
81.5
74.0
57.0
43.5
37.3
70.5
78.6
62.1
71.9
65.4
58.3
56.4
59.9
65.5
59.3
48.6
45.5
52.2
52.4
44.8
46.6
48.9
46.1
43.0
49.3
44.3
41.2
52.5
51.5
64.8
53.9
45.0
67.2
50.7
55.9
39.9
44.6
53.8
49.2
47.1
36.4
42.6
47.2
48.8
42.7
48.9
36.4
56.9
37.4
47.8
53.7
55.3
61.9
37.3
51.1
56.0
54.8
48.9
62.6
50.7
54.7
33.9
35.3
43.3
51.7
46.7
37.7
37.5
36.3
39.9
27.3
36.6
29.6
30.5
29.6
41.0
32.2
28.8
28.8
43.7
48.5
47.3
30.4
48.2
40.1
28.2
35.0
31.4
15.5
37.6
29.4
33.4
31.4
34.3
36.3
35.0
38.7
35.5
38.3
30.7
42.6
31.6
36.2
30.7
35.0
33.3
35.1
38.7
38.3
23.3
36.6
40.1
44.3
43.1
27.1
28.7
30.2
38.4
27.6
30.8
23.6
30.1
27.6
24.6
22.0
8.17
8.42
8.22
8.94
9.92
4.77
6.97
6.85
4.63
5.34
6.00
23.8
25.6
31.0
33.4
29.8
25.7
34.0
21.6
22.5
18.2
19.8
16.1
18.8
17.9
20.4
25.3
35.2
33.6
31.2
43.9
34.2
40.7
31.2
19.1
25.1
15.7
18.0
18.1
24.7
47.9
46.3
53.2
51.2
50.0
68.3
63.8
58.6
43.2
53.5
32.4
36.8
37.3
31.6
30.1
51.4
60.8
64.3
71.2
83.8
81.0
76.7
80.2
65.3
77.7
55.1
53.8
55.7
50.6
53.1
76.4
89.8
88.5
91.2
90.3
65.5
75.7
78.3
77.5
75.8
73.9
65.7
75.3
75.1
80.3
75.7
77.7
62.8
41.3
55.5
46.1
55.1
42.9
52.6
56.0
53.1
71.1
68.9
69.6
61.4
74.9
80.2
72.4
72.8
63.2
55.7
54.5
61.3
50.3
56.6
56.4
54.2
50.3
46.3
52.0
59.1
53.8
70.8
61.7
44.6
50.8
62.2
44.4
67.3
56.8
48.2
57.9
61.8
59.4
56.4
56.7
55.2
51.9
42.5
49.6
57.8
46.9
47.1
56.8
72.2
74.3
63.7
65.2
59.1
79.3
73.7
76.1
79.8
58.1
60.4
58.5
69.8
62.5
67.7
62.4
65.3
62.5
74.1
73.1
62.7
65.2
80.8
70.5
65.5
60.8
70.1
64.2
71.7
67.6
64.7
70.4
77.3
90.4
79.7
78.4
73.2
50.3
64.7
74.0
73.3
53.9
77.2
77.6
69.3
63.1
48.4
56.4
52.3
56.3
57.3
49.9
62.4
52.6
47.8
51.5
51.4
51.1
59.3
55.0
58.3
55.6
67.5
54.8
66.6
65.8
66.9
65.8
48.2
54.6
60.4
60.5
65.9
47.0
49.5
50.0
43.2
40.9
33.3
38.3
41.7
58.3
36.3
49.1
49.6
66.4
51.8
55.1
48.9
58.0
49.4
51.9
50.8
40.6
48.2
45.2
53.8
53.4
59.7
45.2
59.0
47.3
43.1
37.1
41.7
41.5
36.8
48.2
40.1
52.5
52.0
51.6
40.6
51.5
54.0
54.2
37.3
41.4
29.2
31.5
37.8
22.9
21.8
25.3
34.9
31.0
28.8
34.4
46.8
40.1
40.7
28.8
34.3
38.2
38.5
39.9
36.5
39.8
44.6
28.8
32.9
23.2
28.8
43.6
42.7
37.0
47.5
32.2
20.5
34.3
21.7
43.5
8.62
30.7
21.2
21.4
30.5
25.7
28.6
25.7
31.8
20.2
25.0
32.9
22.0
29.1
29.7
26.6
20.5
4.81
21.4
22.8
29.9
33.5
28.9
33.1
30.1
31.2
29.7
29.2
26.7
31.7
35.7
32.8
35.8
42.6
44.5
50.8
35.7
38.2
33.0
34.3
44.0
39.2
40.8
33.3
40.5
36.8
34.5
34.0
29.9
26.5
28.4
27.2
35.8
24.6
13.4
19.0
14.1
15.0
8.43
11.0
3.80
6.67
5.51
10.2
34.5
39.6
24.6
28.0
23.7
18.0
13.1
15.7
10.7
20.9
16.5
20.9
39.1
44.3
21.6
37.7
40.4
39.7
39.6
31.9
33.2
29.2
44.0
38.0
35.8
34.3
50.0
36.8
42.0
44.0
43.2
47.8
52.3
48.5
51.8
52.7
62.4
59.7
54.4
58.0
58.7
72.5
65.2
70.0
57.0
76.7
66.7
70.6
61.6
74.7
70.8
43.4
88.2
72.5
67.3
75.6
62.7
58.0
56.3
60.2
65.5
62.0
51.8
64.2
54.8
53.1
60.4
71.2