19.3
32.3
26.4
16.9
11.6
11.9
11.4
11.3
12.7
10.2
11.2
5.57
4.69
5.10
18.4
17.4
18.7
16.8
16.7
17.7
23.2
20.6
22.6
21.7
23.4
17.1
19.9
17.7
15.4
18.0
18.4
25.5
24.6
19.1
20.8
21.7
20.2
20.7
20.9
17.1
17.1
16.3
17.5
14.0
11.6
10.9
14.0
15.2
11.2
11.5
18.6
17.3
19.4
15.1
14.7
15.8
18.0
14.6
20.8
19.9
17.9
18.2
19.4
16.6
18.2
16.0
16.9
16.6
19.8
19.0
17.1
16.4
19.2
16.9
17.2
17.8
18.0
18.0
16.8
17.4
15.7
18.8
17.6
18.5
19.7
17.1
20.5
17.6
20.7
20.2
20.1
16.9
18.2
19.8
20.3
18.3
17.1
19.0
18.0
17.1
16.7
17.1
19.0
16.8
19.0
19.1
21.0
20.8
15.6
19.9
18.6
20.9
20.1
18.3
20.4
17.0
13.3
11.9
18.6
17.2
21.4
19.7
21.6
21.6
21.8
22.0
19.3
18.8
22.3
19.9
18.6
18.4
18.7
19.7
14.7
14.7
18.5
16.5
21.5
18.6
16.1
18.9
15.7
18.0
19.9
17.9
18.2
18.8
23.4
16.6
19.6
16.5
17.7
18.3
21.6
20.8
22.8
17.8
21.9
23.1
26.7
27.8
19.3
19.3
22.3
22.3
22.9
20.6
12.5
16.4
17.2
19.1
14.9
5.72
13.3
20.5
13.0
9.77
14.3
11.5
13.5
8.80
14.3
11.3
4.46
15.3
32.5
12.8
15.1
20.1
12.5
18.6
17.0
11.7
24.4
23.8
20.7
18.2
18.8
16.8
19.4
23.0
22.4
23.2
19.8
22.6
21.1
24.8
22.3
21.9
19.5
29.2
22.1
19.7
30.6
28.8
26.6
21.5
24.3
30.9
36.4
39.8
34.8
34.7
35.1
35.8
35.1
39.0
38.9
41.3
39.0
42.6
41.6
39.4
43.4
41.9
22.9
44.0
47.7
37.7
36.2
24.9
33.3
36.7
37.1
25.6
33.3
37.2
34.1
34.9
29.2
20.2
28.3
24.9
20.9
19.6
24.7
19.9
14.0
18.1
20.4
23.5
13.2
11.4
9.68
14.6
11.1
3.89
11.7
24.7
15.5
21.0
21.6
21.9
21.0
24.1
21.5
9.95
20.6
18.4
17.8
14.0
12.7
17.4
15.5
9.29
10.9
12.0
9.08
7.53
7.20
21.0
28.0
21.3
21.5
13.7
10.9
18.2
18.7
18.8
17.8
15.1
15.1
15.2
17.3
17.2
16.2
20.3
31.4
16.0
15.6
16.5
14.4
17.0
21.2
20.7
15.0
16.3
16.6
13.8
12.2
10.8
16.5
13.5
16.8
13.3
17.4
15.5
18.4
10.0
15.4
15.2
16.2
12.5
13.3
13.4
14.8
14.8
12.8
14.5
10.5
13.5
15.0
17.5
16.4
16.8
16.9
20.4
19.3
20.2
18.5
14.6
17.6
19.1
23.5
23.8
21.5
23.3
28.0
23.4
24.8
24.5
17.9
33.5
22.5
23.4
27.9
29.5
26.6
29.1
25.7
31.7
30.6
30.6
19.3
19.8
24.6
21.4
23.2
18.2
22.8
18.5
18.4
19.5
15.1
13.3
16.1
14.2
14.4
16.8
21.0
23.0
26.6
22.2
22.8
20.2
20.5
18.0
17.3
12.1
14.6
21.4
21.3
20.0
16.3
11.2
12.4
7.18
14.7
11.9
19.0
12.1
13.8
9.73
11.5
20.5
21.8
20.9
21.2
20.7
25.9
18.7
24.2
20.1
19.1
12.5
16.1
18.2
11.6
17.2
16.5
19.5
19.6
18.9
19.5
20.2
24.6
25.0
22.2
17.6
16.6
14.1
15.7
15.8
15.9
17.4
18.6
20.7
16.4
12.7
11.8
21.9
21.3
21.3
21.4
11.3
16.2
17.0
17.7
14.9
16.1
9.26
8.70
14.6
19.0
22.8
13.5
7.29
14.4
13.8
21.9
18.2
12.8
14.6
16.9
17.0
18.5
19.9
16.5
15.2
18.3
18.7
17.3
17.1
18.3
20.7
21.6
18.1
22.3
23.8
13.5
16.2
19.8
18.3
19.3
20.4
17.9
15.2
17.5
21.5
19.7
19.5
21.4
21.4
22.6
22.3
21.4
18.7
19.6
19.3
20.4
22.3
19.4
21.2
18.2
12.1
22.5
18.6
13.7
17.7
19.4
18.5
19.9
16.4
13.8
15.4
14.4
14.1
11.7
10.4
14.1
18.7
20.3
18.1
16.0
9.79
16.1
15.5
15.9
16.0
15.7
18.3
17.4
18.8
18.3
17.9
22.5
20.7
25.6
22.9
23.7
20.8
27.7
22.6
19.0
23.4
22.9
25.8
25.4
24.6
21.2
21.1
20.9
22.3
22.5
18.1
21.7
19.3
19.9
18.5
18.1
15.7
17.3
18.1
16.8
12.3
13.5
15.5
10.1
9.78
9.51
7.10
11.7
11.3
10.3
6.71
8.32
14.8
5.90
11.8
14.1
16.4
7.80
13.0
4.89
5.58
6.05
4.62
7.36
12.5