83.1
73.3
91.1
81.7
75.7
74.8
83.9
89.8
83.2
91.8
92.6
79.1
81.7
91.5
89.1
92.7
94.1
93.9
94.2
93.8
94.1
94.2
82.1
96.1
87.3
94.2
86.2
94.2
89.6
92.8
93.3
86.2
91.3
90.3
89.4
88.1
92.6
91.5
90.2
92.0
89.9
89.9
92.4
92.9
85.2
89.7
91.0
94.1
94.2
94.1
93.3
91.0
94.2
87.8
82.8
75.0
75.1
84.7
85.4
85.2
76.5
85.0
74.2
85.3
88.0
84.0
89.0
85.7
83.9
86.8
91.0
86.1
84.2
87.2
93.3
89.9
93.1
91.1
88.0
93.6
93.4
93.4
91.5
88.5
91.0
85.1
86.9
84.4
89.5
88.2
86.0
84.6
87.1
90.5
82.5
81.8
80.6
81.3
86.0
84.9
88.0
87.3
84.7
84.2
86.1
88.2
84.4
85.2
81.1
90.7
89.2
89.5
86.6
85.9
90.5
69.6
84.7
75.7
78.8
67.9
67.7
77.0
70.2
84.1
78.9
81.1
70.6
78.1
77.2
68.2
68.3
55.0
61.5
62.6
69.2
61.4
65.0
64.4
53.2
65.7
65.3
52.5
51.5
60.9
61.0
66.6
65.6
72.7
75.0
81.1
79.2
64.8
81.2
75.0
75.6
70.1
70.0
81.0
76.3
72.8
79.7
81.0
86.2
79.5
82.5
85.9
87.2
79.5
82.1
84.7
84.6
91.7
87.1
85.3
86.7
88.5
87.2
86.6
89.6
82.7
88.7
89.1
87.7
87.4
77.1
85.8
89.1
88.4
76.1
83.3
67.6
71.2
68.0
78.9
74.2
76.7
79.3
77.9
76.0
82.5
88.9
91.1
83.2
90.8
85.9
90.9
88.7
90.4
92.9
94.1
90.1
90.6
92.7
86.3
92.7
93.1
94.2
93.1
87.2
88.6
91.5
87.9
90.9
84.1
81.3
82.6
85.5
91.1
94.0
92.9
91.8
85.2
91.6
88.8
89.8
94.1
88.6
87.9
90.6
92.8
90.2
93.2
89.0
88.4
92.3
82.1
106
94.0
79.9
103
83.4
87.1
89.7
88.9
86.2
86.3
89.5
94.2
93.3
89.6
91.2
92.2
91.5
94.1
93.7
92.1
86.2
90.8
89.7
94.1
92.9
77.6
103
92.9
93.4
92.3
93.3
89.4
93.9
86.4
90.4
92.9
78.3
106
93.1
89.8
88.7
93.0
88.0
90.8
94.0
91.2
92.6
84.7
94.2
91.9
92.2
88.9
94.1
86.8
86.6
90.1
87.6
94.1
83.6
91.1
93.8
85.1
88.1
87.3
90.1
92.8
93.9
90.9
94.2
94.2
86.9
91.5
93.7
85.6
87.3
88.6
91.1
94.4
94.2
91.2
91.2
92.0
92.7
93.3
93.2
91.2
86.2
93.5
89.2
89.1
90.5
89.5
87.9
93.4
91.4
90.3
90.3
85.6
89.7
92.2
94.2
92.1
89.3
85.4
85.1
81.6
88.9
79.4
90.6
88.7
89.0
85.9
87.0
86.5
87.6
84.0
84.6
88.5
86.5
81.3
84.9
79.9
92.1
81.9
90.0
92.0
91.5
89.1
93.4
91.1
75.5
85.2
90.8
87.6
88.6
85.2
84.0
88.8
89.7
87.0
80.4
83.5
89.0
86.1
86.2
89.0
80.8
78.2
86.9
92.4
88.0
86.4
92.8
91.4
84.4
88.1
86.9
86.7
94.1
87.3
86.5
83.5
89.8
91.4
87.7
89.9
86.0
92.6
88.4
90.4
84.9
90.2
89.3
76.7
90.4
87.8
89.1
79.7
88.2
88.2
89.8
92.4
86.7
92.2
88.3
85.0
42.4
22.6
11.3
84.3
76.6
74.5
78.7
77.0
69.9
80.1
80.0
80.3
78.2
83.1
80.9
84.0
78.6
78.7
80.4
84.7
84.4
79.0
73.6
99.6
85.9
90.6
87.0
88.6
88.0
88.2
89.1
94.1
91.2
81.7
83.8
90.9
93.0
80.7
89.5
86.8
91.0
85.4
89.1
91.9
87.5
89.6
84.4
86.1
77.3
84.3
80.1
85.1
89.2
92.7
90.8
84.8
85.0
90.7
81.5
90.3
87.7
87.2
85.9
88.4
87.5
91.0
87.9
85.2
86.9
80.7
83.3
87.1
84.3
83.4
87.9
89.9
86.2
84.3
72.8
82.1
85.5
69.0
76.8
81.3
87.9
85.4
90.7
85.8
86.3
94.0
90.7
88.8
85.5
89.2
89.0
89.0
85.8
86.4
84.1
91.4
93.3
86.3
90.0
83.9
89.2
90.7
86.6
88.6
89.1
91.4
93.0
92.6
90.6
90.6
89.0
87.5
91.1
86.9
89.0
79.8
90.4
87.2
83.8
90.9
81.9
81.3
81.6
78.5
86.6
87.2
88.5
80.0
61.8
93.7
78.3
74.2
78.0
76.1
73.7
79.9
69.8
84.1
73.5
82.1
84.1
69.9
72.7
68.9
80.6
79.1
74.4
69.3
78.9
81.5
76.6
87.3
70.3
73.2
70.3
80.0
60.1
50.2
59.7
73.2
77.1
73.1
73.8
76.0