75.8
88.5
91.6
91.4
92.0
91.1
87.8
93.3
81.7
82.3
75.2
92.9
86.4
93.8
92.8
88.2
82.5
75.7
79.3
89.3
90.9
93.8
94.1
94.1
80.8
83.7
82.4
89.3
84.5
89.8
94.2
90.9
86.3
80.3
81.2
84.1
91.8
93.7
92.5
92.0
81.3
82.8
79.3
81.8
92.5
92.8
93.2
92.1
81.7
76.3
83.0
78.8
91.9
93.4
93.1
90.7
77.0
81.0
78.7
89.0
88.9
85.7
92.0
87.8
78.9
81.6
85.6
77.1
93.6
90.3
87.1
90.9
78.1
87.5
83.7
80.0
83.0
77.8
79.5
80.8
80.5
75.4
78.9
76.2
82.1
84.9
81.4
76.4
78.2
77.5
86.2
85.2
88.8
87.9
82.9
87.3
90.1
83.6
88.3
86.3
84.2
89.0
83.8
88.0
81.7
89.2
81.6
75.6
65.8
61.9
61.1
72.3
66.5
57.0
63.5
70.7
59.7
49.4
49.9
49.7
41.8
37.4
67.3
65.8
67.4
76.1
74.5
75.7
74.4
65.0
49.1
62.3
26.1
29.1
34.7
43.2
83.4
78.6
78.2
58.1
57.5
59.0
59.4
63.8
53.1
65.0
80.1
81.3
63.6
61.1
62.6
60.6
56.2
54.7
64.3
70.7
75.7
83.2
78.2
73.7
70.6
68.6
70.5
62.5
61.0
63.5
71.3
56.1
56.1
50.3
58.0
52.9
64.1
56.5
68.3
71.7
52.8
55.8
50.8
66.0
72.8
70.0
53.1
60.7
55.8
50.7
60.1
51.9
56.9
62.4
56.6
37.8
42.6
42.5
48.6
45.8
58.8
65.0
58.2
58.6
54.3
45.7
51.1
46.5
48.2
58.9
57.0
41.1
41.4
46.8
29.2
35.1
31.1
20.6
23.9
36.0
41.1
42.3
47.1
41.2
32.8
41.2
32.7
31.0
38.3
40.2
47.5
35.4
40.5
30.6
19.8
13.4
19.7
20.4
20.4
17.4
17.7
9.34
5.41
23.1
11.0
22.4
39.7
47.9
37.2
44.6
40.6
46.3
41.8
43.6
43.7
41.3
40.6
41.2
34.9
34.8
38.2
31.3
24.0
31.8
33.7
34.5
31.9
30.0
32.2
33.0
31.7
35.1
44.7
38.9
34.6
44.0
45.3
39.5
46.9
43.5
46.0
47.4
41.9
44.1
43.1
47.0
48.0
44.2
36.8
42.3
48.4
43.3
40.0
36.6
47.4
58.9
58.9
46.8
45.9
41.7
36.1
38.6
38.2
37.4
44.4
46.3
62.7
66.2
67.1
69.7
60.4
63.7
56.7
50.4
34.8
45.3
47.1
53.5
43.5
42.0
39.6
28.0
20.5
13.1
20.0
20.9
13.6
20.3
21.6
22.8
18.7
19.5
12.7
17.7
31.6
38.6
36.5
32.7
38.2
40.3
36.7
29.3
31.2
32.0
36.4
41.0
42.7
44.9
63.4
57.2
43.5
68.6
63.4
58.2
64.0
58.0
66.4
63.1
58.6
69.9
62.1
67.9
71.0
57.6
74.9
75.9
76.0
73.5
79.0
72.4
59.8
67.3
59.3
56.8
47.6
64.6
54.9
60.5
59.0
73.5
57.8
67.6
60.1
70.5
73.4
74.9
73.8
87.6
82.9
58.5
56.4
82.3
87.0
78.7
76.7
81.7
92.7
80.4
62.5
80.5
87.4
83.1
87.7
71.8
70.3
83.2
49.8
65.3
81.2
80.6
70.3
72.7
58.5
55.0
64.2
53.4
64.2
60.8
56.1
76.8
70.8
66.9
60.3
74.9
66.4
66.5
81.5
72.3
52.7
69.3
70.5
70.4
77.4
63.9
64.0
61.0
84.4
71.9
68.7
90.6
67.9
82.7
63.0
71.8
61.7
68.5
87.8
89.0
72.0
82.1
91.2
88.0
80.7
80.6
54.0
72.7
85.0
86.0
72.1
80.8
58.8
67.4
69.4
92.6
73.5
76.5
71.6
66.5
85.0
82.1
51.1
61.5
83.0
85.2
74.0
75.8
71.6
84.2
83.2
77.9
76.1
60.8
78.7
48.6
62.8
51.0
41.8
51.8
62.4
44.7
47.2
60.5
49.9
71.2
60.6
40.3
65.6
59.1
28.5
49.0
55.7
34.0
51.8
59.3
34.3
52.4
47.3
54.0
61.2
64.2
64.1
51.2
34.1
49.2
70.1
83.4
85.7
73.9
60.6
57.9
45.4
49.1
34.8
48.6
44.9
50.2
63.2
31.0
38.3
36.7
38.8
26.3
35.8
33.9
28.0
42.5
43.6
42.3
22.9
31.8
23.9
27.7
34.3
31.2
35.6
29.3
33.3
35.2
30.3
38.6
39.7
41.4
35.3
37.3
31.8
39.1
34.8
41.0
38.8
30.9
35.8
30.0
25.6
19.2
19.7
36.9
40.5
52.3
39.7
46.4
30.7
31.6
18.6
20.6
25.9
21.0
17.0
12.8
14.8
10.5
11.4
27.8
33.7
30.1
37.1
26.4
33.8
32.6
36.0
33.5
40.8
31.4
34.5
35.5
36.4
34.3
28.3
38.1
37.0
38.6
29.8
44.6
42.5
39.3
50.3
38.6
36.8
46.8
36.7
47.9
40.3