84.0
83.5
90.2
69.0
84.2
73.2
82.4
88.7
83.7
51.2
76.7
80.8
70.3
74.6
73.6
71.2
74.9
74.2
83.8
77.2
75.4
82.1
77.9
87.5
84.2
79.7
82.6
86.9
86.7
80.5
105
89.5
91.4
91.9
88.1
85.9
92.4
79.2
96.3
84.5
80.3
87.5
78.9
91.3
90.5
89.1
93.1
93.0
89.0
89.6
86.6
90.6
94.1
93.3
87.5
90.4
92.1
93.6
90.7
92.3
90.7
89.5
85.8
93.4
89.3
88.2
94.2
90.2
94.1
87.2
92.9
93.5
88.2
91.8
86.3
94.2
92.3
90.7
90.6
88.4
91.9
91.4
92.4
93.1
92.0
91.9
94.0
87.7
87.3
90.0
79.6
87.0
80.8
85.0
77.8
84.4
88.0
80.0
83.9
83.3
86.8
85.9
83.9
91.6
88.0
90.1
87.1
88.5
85.3
85.7
91.2
91.9
91.3
91.4
86.7
77.3
82.8
84.5
89.7
84.4
89.7
74.9
98.1
92.1
87.1
80.4
77.3
80.7
85.2
79.1
85.2
84.1
84.5
82.2
78.3
77.9
83.0
75.2
74.9
82.0
81.9
78.6
83.2
76.4
80.0
90.0
78.6
78.3
83.8
83.8
75.5
83.4
87.7
94.2
94.1
89.9
89.5
92.4
88.7
86.7
79.4
75.9
90.3
88.8
90.2
92.1
86.6
87.3
90.6
93.4
88.7
87.5
90.4
86.4
87.9
93.3
92.0
86.9
90.7
88.8
92.1
90.3
82.1
81.8
90.0
93.5
93.9
91.6
87.8
83.7
89.8
86.8
87.3
85.0
90.5
77.4
85.4
91.0
86.5
91.0
92.1
87.3
78.1
81.8
77.0
87.5
92.7
93.1
89.5
85.4
92.0
93.3
83.4
75.8
93.1
92.7
84.4
90.5
91.1
90.4
86.2
92.8
85.3
72.5
80.0
90.5
92.7
91.0
91.0
92.5
94.2
91.2
88.2
89.7
82.3
78.8
91.8
91.9
86.4
85.5
92.6
89.2
88.1
80.2
77.3
91.1
93.0
92.5
94.0
92.1
91.1
87.7
88.8
81.2
76.8
85.2
90.6
87.1
92.6
92.0
89.6
91.5
90.0
88.8
79.0
84.0
91.3
94.2
89.7
90.5
93.8
87.0
89.3
91.0
81.6
75.6
90.5
89.8
91.8
87.7
87.0
94.1
91.6
94.1
89.9
81.6
76.7
80.7
91.4
90.0
90.8
89.9
90.4
94.1
91.0
82.4
82.6
85.1
80.9
88.9
84.8
94.2
94.2
90.0
92.3
85.9
85.1
87.9
94.1
90.5
91.3
93.1
88.2
92.7
89.2
93.3
91.5
92.3
91.7
92.3
92.8
91.6
94.0
93.8
94.1
93.4
91.2
94.1
93.7
94.0
87.5
91.9
92.7
93.0
92.5
93.7
92.6
92.4
92.2
93.1
90.8
90.6
94.2
94.1
91.9
90.6
94.1
94.1
93.1
89.5
92.6
93.5
91.5
87.9
91.3
92.5
94.1
93.1
91.8
88.8
88.5
94.1
94.1
94.1
92.3
93.6
91.3
92.6
94.1
94.1
93.6
89.0
87.6
93.0
91.6
90.5
89.4
93.1
93.4
87.9
90.5
91.9
90.7
93.0
88.9
91.6
92.5
90.1
94.1
94.1
94.1
94.1
92.9
92.1
91.2
94.1
94.1
94.2
94.1
94.2
94.2
84.2
76.8
76.8
78.2
76.5
78.5
84.4
77.8
83.6
75.6
82.9
78.3
79.2
80.7
74.8
80.0
90.7
85.2
86.4
77.2
91.0
88.4
90.3
92.3
93.8
87.8
79.6
88.9
80.3
80.5
90.9
87.4
88.6
91.2
90.9
92.3
88.5
78.3
83.4
91.3
88.4
88.8
93.7
87.3
92.3
93.1
87.6
79.7
87.8
94.2
90.8
88.7
93.1
93.5
92.8
90.1
86.7
88.9
83.9
91.7
89.2
89.2
93.4
93.5
94.2
90.3
90.7
89.0
85.1
90.2
93.9
92.7
90.3
92.9
93.9
93.9
93.6
77.3
91.9
91.5
89.6
94.1
93.9
93.1
92.4
94.2
93.6
83.4
80.8
90.3
91.7
92.0
91.0
93.7
87.8
90.3
83.8
82.1
85.3
92.4
92.8
92.5
90.8
92.6
93.4
85.7
90.6
93.1
93.4
92.1
93.3
90.7
80.4
84.8
88.0
86.6
91.8
94.2
94.1
88.6
93.2
90.1
94.1
91.6
90.5
86.8
89.1
90.8
94.1
94.2
94.1
91.8
93.1
92.6
93.1
92.9
94.2
82.0
82.9
87.9
94.2
94.2
90.0
91.8
94.2
94.1
94.2
94.1
91.8
93.5
90.1
84.1
93.6
92.4
94.2
92.0
91.4
90.0
93.8
93.6
94.1
93.3
88.8
80.1
91.4
93.9
94.2
93.0
91.7
94.1
92.6
90.8
92.5
92.5
92.5
91.4
80.5
80.5
74.0
82.0
89.6
89.9
93.2
93.0
91.2
86.5
93.7
88.9
82.8
97.1
85.0
78.6
87.0
94.2
94.1
93.8
93.8
93.8
93.6