33.5
24.9
33.7
33.1
32.2
26.6
29.8
28.3
22.5
31.0
25.1
28.8
22.3
22.6
24.5
24.9
30.4
30.7
26.2
27.1
28.6
27.8
21.4
28.8
29.0
30.2
22.2
18.5
13.7
21.9
20.7
25.1
27.9
29.6
26.3
24.7
28.0
25.5
30.1
29.9
28.3
21.5
27.0
28.9
25.2
29.1
28.4
24.6
26.3
23.3
23.1
24.8
27.1
26.4
26.0
25.1
27.3
26.9
26.6
27.2
20.0
25.2
26.3
24.6
24.5
22.6
25.3
23.1
22.3
25.0
24.4
23.2
19.5
23.0
22.2
25.0
23.0
25.0
21.0
25.3
25.6
24.9
26.9
24.5
27.5
22.8
26.2
26.3
24.9
29.6
26.4
23.7
23.4
27.3
27.3
22.5
27.5
26.3
25.2
24.5
27.6
29.5
25.1
27.9
25.4
28.6
24.7
23.8
21.1
23.9
26.1
24.7
27.1
27.8
32.9
32.4
27.8
30.7
23.7
24.6
24.7
28.8
26.9
26.3
23.2
19.7
28.0
25.3
25.7
23.5
26.3
22.6
23.7
20.2
19.4
17.4
18.0
18.6
14.8
11.7
8.97
9.51
8.79
9.71
23.6
24.2
23.2
21.8
25.7
22.5
21.7
22.2
23.4
25.7
24.7
26.6
22.3
26.7
25.9
27.2
28.6
26.2
27.3
26.3
24.4
25.8
24.8
29.1
24.1
29.0
26.6
31.9
23.3
24.4
22.5
20.8
23.6
26.9
26.9
31.2
29.2
28.4
26.9
25.4
19.7
27.1
28.1
28.5
26.0
23.6
24.2
23.0
25.6
24.4
24.5
18.9
21.9
22.3
21.9
26.4
21.0
31.2
24.9
27.0
19.6
25.6
23.5
27.8
28.2
24.0
26.5
24.5
30.1
25.3
28.9
28.0
26.7
26.8
29.1
25.4
23.0
25.4
24.2
23.2
21.1
23.9
27.2
21.6
24.2
27.0
26.7
24.0
22.6
25.8
29.8
30.6
19.2
29.8
27.0
28.9
31.0
26.1
28.5
26.0
27.9
28.7
28.5
29.1
30.7
23.9
26.9
26.8
23.8
27.3
24.9
24.1
27.4
25.6
26.4
24.0
25.9
23.8
23.5
28.5
26.8
27.6
27.1
28.5
22.9
24.9
27.5
24.1
29.3
30.6
34.0
26.9
30.7
28.3
29.8
16.8
36.9
31.4
17.5
24.5
21.5
16.3
25.3
22.6
25.1
24.8
23.7
23.9
23.8
26.4
25.4
22.6
23.4
27.0
30.0
26.8
26.9
25.6
23.6
23.4
22.0
21.8
26.2
23.2
27.3
26.1
28.1
23.6
27.7
28.2
24.8
26.6
26.9
29.0
24.3
27.2
26.1
27.8
33.6
29.3
30.7
28.4
28.9
30.1
27.6
29.5
21.5
30.5
26.7
27.7
25.4
29.4
29.5
29.5
29.6
27.2
32.5
31.3
26.2
32.1
31.5
22.8
24.2
23.5
21.7
23.3
22.4
23.5
27.4
25.3
25.0
24.9
26.7
23.7
24.4
26.1
24.7
27.2
27.3
26.5
23.4
25.6
23.4
23.1
26.0
19.0
22.0
22.4
22.0
20.7
24.2
24.0
23.6
20.7
23.6
21.2
18.4
22.4
20.1
17.4
14.0
14.4
14.8
10.2
9.11
5.18
4.76
13.9
21.8
25.2
20.8
24.7
23.1
25.7
21.6
16.4
18.8
17.3
20.1
16.4
16.3
9.30
8.73
8.26
3.78
9.18
19.5
21.5
16.7
19.1
18.5
23.2
23.1
19.9
20.9
21.7
23.1
23.3
23.4
23.1
20.8
19.5
19.3
23.5
25.8
30.3
30.3
29.5
31.5
28.1
29.4
20.7
29.4
26.8
28.2
29.4
28.5
28.9
29.9
29.5
25.3
29.6
27.0
30.0
31.1
27.8
29.4
30.7
31.9
18.1
39.5
27.5
30.0
27.7
26.2
29.1
29.1
31.3
26.2
28.7
29.5
31.9
28.7
27.9
29.5
26.6
30.7
29.3
25.9
25.4
22.1
22.9
24.0
29.7
22.3
25.6
24.9
27.4
27.3
28.2
29.5
25.9
26.7
26.8
23.4
26.8
25.8
29.7
27.1
30.3
27.6
27.2
29.5
28.5
20.7
20.7
19.5
27.4
22.7
23.6
23.8
27.6
23.4
24.9
23.5
25.5
22.2
26.0
26.7
23.6
26.7
25.8
26.5
25.8
23.0
25.3
24.3
26.7
24.1
26.4
22.1
28.7
25.3
26.1
25.3
25.3
26.7
25.1
24.4
19.2
19.3
20.3
20.7
7.69
4.25
4.12
2.70
9.58
5.61
4.18
1.88
2.33
2.93
3.88
10.7
7.73
12.0
21.6
19.3
21.8
19.6
21.9
19.6
17.0
20.4
20.3
20.8
19.5
19.7
18.4
18.7
19.0
18.8
19.2
18.1
20.0
18.2
19.4
17.2
20.4
19.3
18.9
19.0
19.2
19.7
19.5
22.5
22.1
19.4
22.9
21.5
23.5
9.73
34.1
21.5
22.1
22.2
22.9
24.8
19.2
19.1
19.6
19.4
11.4
13.3
12.6