8.08
20.4
19.5
18.4
18.9
24.8
21.8
17.2
19.0
23.5
21.7
25.2
27.5
17.8
19.8
14.1
19.5
18.2
17.6
9.28
9.26
9.83
7.24
5.85
15.6
19.8
23.6
25.0
25.0
29.3
24.7
32.1
26.5
27.4
28.7
25.4
25.9
26.7
22.0
24.2
22.7
24.9
27.0
24.3
23.2
22.8
28.3
30.1
23.6
31.7
32.8
32.8
26.7
33.0
27.3
29.1
26.9
14.1
10.2
17.5
23.0
34.1
37.5
34.3
37.3
34.4
31.3
32.1
25.2
30.2
30.7
32.2
26.9
34.1
28.8
34.2
26.1
35.6
32.5
31.4
33.0
25.3
28.1
30.4
29.8
32.5
32.5
32.9
29.4
28.1
27.4
28.8
31.7
33.7
32.4
33.1
32.8
35.4
37.5
31.0
32.3
31.4
33.4
31.9
36.1
38.8
36.8
36.7
25.4
35.1
34.2
34.8
37.0
33.2
35.9
33.1
33.0
25.5
26.9
30.7
30.2
30.4
24.0
26.8
36.0
35.2
35.2
31.1
32.1
35.0
34.6
32.3
38.4
31.2
34.7
37.6
36.2
36.2
37.3
34.4
35.7
32.1
36.0
29.1
32.5
33.8
36.2
37.9
32.5
35.8
32.3
36.1
33.0
36.2
37.4
33.6
35.4
35.9
30.3
35.7
35.2
34.0
35.9
39.6
32.6
31.4
26.4
28.5
32.1
36.2
33.2
32.6
31.5
25.0
32.1
33.9
28.8
30.2
28.8
26.5
29.7
28.1
30.3
27.9
24.0
32.1
32.2
31.3
34.5
34.1
32.2
34.1
31.9
32.1
31.6
34.4
32.0
31.3
31.2
32.7
27.7
31.4
31.3
27.7
27.7
27.3
30.2
30.0
30.0
23.1
30.3
24.1
28.8
25.1
28.8
29.9
24.3
29.1
24.6
23.7
27.2
23.8
24.8
23.5
24.7
27.1
27.9
24.7
26.4
26.9
29.5
31.2
28.6
28.9
29.1
27.5
30.7
24.4
33.0
26.8
34.3
29.8
34.1
29.0
29.7
18.1
21.3
20.6
19.0
18.2
22.8
25.0
25.6
23.7
25.7
22.1
30.2
27.5
31.9
27.6
21.8
25.6
29.2
24.1
22.0
27.5
29.0
32.0
28.3
27.2
29.7
26.8
34.7
29.3
35.2
27.3
33.1
31.9
33.4
33.2
26.4
30.3
26.5
29.7
32.0
26.6
28.2
27.8
27.4
26.7
26.1
24.3
26.6
27.8
32.7
28.1
29.4
25.2
21.9
30.1
27.7
26.0
26.2
27.5
33.3
26.2
29.7
28.7
24.3
28.0
29.2
30.7
30.9
31.9
28.0
26.4
24.7
26.4
21.4
20.9
25.4
20.7
23.5
26.9
29.7
25.0
32.6
32.3
32.2
27.3
34.3
22.8
29.5
25.6
29.3
24.8
30.5
25.0
31.8
30.6
30.5
29.0
23.4
31.3
31.0
27.4
26.2
24.3
25.3
27.0
32.9
25.5
26.3
29.1
32.1
30.8
24.4
29.7
33.5
30.1
32.8
25.7
29.3
25.4
29.6
24.7
30.4
29.3
29.5
24.8
31.8
32.9
27.1
23.8
31.9
26.2
31.9
27.1
31.2
26.4
30.0
26.9
29.7
28.3
27.4
28.0
33.4
28.3
31.9
33.6
31.7
35.1
34.4
32.6
30.8
31.4
35.7
28.6
31.6
29.4
32.1
27.3
37.4
31.3
36.0
35.9
36.0
34.7
32.6
26.1
27.6
30.6
31.5
29.5
28.6
26.5
35.5
28.8
33.5
31.8
32.3
34.0
34.2
32.7
35.4
31.3
36.6
37.6
37.1
24.3
30.7
33.7
36.4
31.1
34.7
30.4
32.6
29.4
29.8
34.7
32.0
35.6
30.5
26.5
25.4
27.8
29.9
25.1
28.4
27.0
29.9
22.9
28.6
33.4
35.3
34.6
34.6
34.6
29.9
28.3
24.8
30.6
29.9
29.7
29.4
30.9
34.9
29.8
28.3
36.5
35.5
38.7
29.4
33.2
36.8
33.9
32.3
34.7
29.2
27.4
34.5
29.6
33.8
35.8
30.8
26.6
32.2
22.9
30.3
33.2
29.6
34.9
35.1
28.8
28.2
28.0
30.3
28.8
29.8
31.5
31.2
34.3
30.5
32.2
35.1
31.6
26.7
24.8
32.9
30.7
28.6
31.7
32.4
27.1
37.1
28.9
33.4
25.5
27.1
28.5
30.5
28.4
27.6
24.7
31.8
24.1
31.6
23.2
30.0
27.8
34.0
30.4
32.0
29.1
28.5
30.8
26.9
30.0
32.7
26.4
25.3
27.0
26.9
23.2
27.3
25.9
28.5
30.6
32.0
27.7
32.3
27.7
31.2
23.7
25.5
31.0
28.2
23.1
26.7
28.9
25.2
28.0
25.9
27.3
28.4
26.5
25.1
28.0
27.8
23.9
24.9
25.7
29.1
27.0
28.8
34.3
31.4
28.4
31.9
32.4
37.2
30.4
31.6
31.6
36.2
30.6
30.1
36.6
35.6
33.7
34.9
31.9
40.1
37.6
38.7
38.4
40.0
39.8
37.2
33.0
