62.3
79.6
79.0
89.6
77.7
72.5
75.1
76.9
75.7
73.8
83.8
77.0
75.8
80.5
77.9
79.9
72.2
77.3
73.6
78.5
80.4
75.0
80.8
77.6
85.2
77.3
81.5
81.8
79.2
76.2
81.3
87.3
72.7
85.5
79.8
82.5
85.5
83.2
83.2
78.1
73.4
76.7
87.3
83.4
91.1
90.7
92.5
90.8
88.0
87.8
88.5
87.7
86.6
92.8
87.8
92.0
88.6
90.2
92.3
90.2
85.2
87.9
93.4
94.1
84.5
89.3
89.4
91.3
82.9
84.1
91.2
91.0
90.9
91.5
89.5
79.0
104
89.1
87.3
94.2
86.8
92.4
91.4
93.2
92.0
90.5
86.5
82.7
85.0
90.1
89.0
92.9
88.2
90.9
87.8
85.9
88.6
93.0
90.9
91.6
88.4
93.5
90.6
89.6
93.4
83.9
79.1
78.8
89.0
89.4
85.3
76.2
79.9
78.4
71.4
84.3
90.2
87.9
91.0
93.6
87.5
94.1
93.6
89.5
92.1
84.0
85.6
90.9
92.7
91.8
92.4
93.4
89.4
93.2
92.6
94.0
94.2
94.2
92.6
89.7
94.1
91.0
92.5
91.6
93.2
91.5
91.0
94.1
89.5
82.6
85.8
90.7
93.4
80.0
100
87.5
93.8
91.8
90.2
92.0
90.6
94.1
90.8
93.1
91.2
91.5
88.5
93.8
93.9
92.8
93.3
92.6
92.8
83.1
89.9
89.8
93.2
92.1
86.2
93.0
91.9
94.1
93.0
87.4
93.8
93.4
94.2
94.1
94.2
93.4
94.0
93.9
87.0
92.7
93.1
91.9
91.7
91.1
89.8
89.3
93.9
88.7
94.1
92.5
92.2
93.3
92.8
93.0
89.2
94.2
94.2
94.1
87.2
90.3
90.4
92.3
92.4
91.8
89.8
90.2
92.7
93.2
92.4
93.8
93.4
89.5
92.2
93.2
93.4
92.1
88.8
91.0
93.5
91.5
93.2
91.7
93.6
91.6
89.0
91.5
91.5
94.2
91.9
94.1
94.1
93.4
91.7
85.3
91.9
93.3
85.2
97.7
93.5
93.6
90.7
94.1
94.2
94.1
94.2
94.2
94.1
92.4
93.0
94.2
94.1
94.1
94.1
93.6
90.9
93.3
91.2
90.4
91.7
88.7
81.0
79.1
77.9
83.3
84.4
77.9
74.1
87.7
82.4
87.0
86.6
86.3
80.5
87.5
84.6
88.9
89.4
93.7
90.7
87.6
89.6
90.3
85.7
84.3
74.4
89.6
64.1
57.0
78.3
80.6
59.3
64.3
82.0
91.0
62.0
87.6
72.2
89.7
73.7
59.2
81.1
87.9
79.4
69.7
67.2
93.7
80.0
69.7
63.7
64.1
67.0
70.1
62.2
70.6
91.3
90.7
90.0
89.5
92.9
70.1
74.5
69.6
77.7
75.2
72.7
75.2
70.1
72.8
71.0
59.4
55.5
71.0
85.4
78.3
91.7
84.7
76.4
60.9
55.6
53.7
61.4
62.8
68.0
83.0
91.2
93.6
94.2
94.2
94.1
93.6
91.9
91.1
77.8
83.9
91.9
90.6
91.2
88.5
92.4
92.1
92.2
81.3
77.5
81.1
87.7
91.0
87.0
86.3
85.5
85.5
91.8
93.5
86.2
94.2
92.4
93.2
92.9
92.2
94.0
93.4
94.1
90.1
91.4
87.3
88.4
88.1
91.9
92.0
91.8
90.2
92.6
89.3
91.8
93.9
92.8
94.1
93.3
88.2
90.7
90.2
92.2
87.5
92.3
88.7
89.1
80.0
71.4
71.1
70.6
62.8
61.0
59.9
58.4
73.6
81.4
85.0
77.4
74.9
75.6
75.5
81.8
87.7
81.7
89.9
89.8
78.3
74.8
78.7
90.6
83.9
87.9
84.0
91.0
94.1
86.6
90.8
92.6
88.5
92.2
93.6
91.5
85.0
88.5
91.3
93.1
91.6
92.9
91.4
93.3
90.8
90.3
94.2
91.2
92.3
93.1
91.2
88.6
86.9
89.5
89.9
88.9
86.5
86.3
82.4
89.0
90.6
86.5
88.3
82.9
86.4
83.2
84.1
90.3
88.5
87.4
80.5
88.4
88.4
88.6
88.4
92.5
84.1
87.3
91.5
84.1
82.2
78.9
79.9
68.7
64.0
71.8
69.6
69.9
72.4
74.6
72.2
61.1
82.6
86.7
80.1
78.2
85.7
85.3
83.7
82.4
82.4
79.6
78.0
88.5
84.3
90.3
74.7
75.7
90.1
67.9
66.0
66.8
66.2
64.3
79.2
84.7
82.2
87.2
81.5
80.2
74.3
64.1
73.2
70.6
72.5
61.9
63.2
55.1
50.4
25.7
19.6
28.4
52.5
70.8
73.7
73.5
76.2
73.4
70.8
78.8
74.1
70.7
73.2
70.4
73.7
82.3
90.3
78.5
71.8
70.2
67.9
70.1
73.5
82.0
76.5
65.5
72.7
73.0
79.9
73.8
73.4
75.3
73.8
80.5
82.0
93.1
74.5
86.6
88.8
92.5
88.5
88.7
87.3
86.3
92.4
84.0
88.3
77.8
85.8
86.0
86.5