66.2
58.4
65.4
75.7
73.5
60.9
61.1
55.4
58.1
59.8
50.2
61.8
73.1
70.6
66.6
55.8
70.4
60.6
68.4
67.2
70.9
67.8
51.1
44.6
47.8
36.4
34.0
30.4
28.1
36.9
36.0
39.1
36.1
36.7
30.4
32.6
27.9
32.0
28.3
26.7
26.2
34.6
28.8
28.0
34.2
24.8
32.2
25.9
25.6
20.2
24.0
23.7
30.2
20.1
29.3
17.7
16.2
32.7
46.2
45.2
44.9
48.3
48.9
44.5
50.4
46.5
25.1
58.5
45.8
47.2
51.6
52.0
55.5
52.8
55.3
57.9
60.6
61.3
62.5
72.5
69.1
69.8
50.8
70.3
86.6
81.0
78.3
62.3
65.7
71.4
64.4
68.0
74.0
73.7
74.4
66.8
71.5
66.6
71.0
61.5
86.4
66.0
78.8
76.7
73.1
49.5
45.7
37.3
49.0
36.1
32.3
39.3
49.2
44.7
57.1
51.8
56.1
73.4
77.2
68.5
70.6
53.5
53.5
48.3
41.6
42.2
45.4
42.7
28.5
24.0
26.9
32.7
36.8
43.0
63.1
46.2
66.1
55.9
55.0
47.3
51.1
68.0
52.5
60.1
54.3
68.5
63.5
62.8
65.2
64.0
71.2
52.3
82.9
79.6
65.5
73.4
59.1
61.5
59.2
54.9
60.9
68.5
70.6
73.2
64.0
61.2
60.8
43.0
44.0
40.8
49.0
44.3
34.0
42.6
36.8
32.3
25.6
20.8
17.8
14.7
11.8
14.5
12.2
12.9
8.51
6.77
4.52
7.95
3.89
5.04
8.66
9.51
8.53
9.77
11.2
14.7
17.8
16.1
17.0
20.1
15.6
11.4
12.0
16.9
16.3
25.0
31.8
34.7
37.5
45.1
43.6
47.1
49.0
42.3
62.0
64.5
58.8
53.5
57.9
70.0
54.4
60.1
67.1
65.2
59.0
59.8
47.8
50.5
39.7
51.2
39.5
35.5
45.4
58.5
51.9
62.9
61.0
64.5
63.2
70.7
63.3
64.1
73.8
69.3
91.1
79.9
79.1
78.9
84.0
84.0
70.1
83.5
75.1
79.3
66.5
72.2
66.1
55.2
60.1
48.7
52.9
46.9
42.5
34.6
36.8
31.1
34.6
31.3
22.3
12.9
19.9
12.1
7.63
11.0
17.6
19.1
38.1
25.6
36.3
33.0
42.1
43.1
43.7
42.6
42.4
38.9
38.8
51.9
42.5
42.8
51.8
56.7
59.5
54.0
64.7
62.4
69.1
85.0
84.3
83.5
82.5
83.9
73.9
71.8
67.3
